f
100
13.6808
   10.2239
   12.2002
   10.9109
   12.6070
   10.7993
   12.9799
   13.4787
   15.4238
   11.6118
    7.7233
   10.3208
   14.7092
    9.8557
   13.9219
   12.2481
   14.8734
    8.0782
   11.6046
    9.5843
   17.8160
   13.6504
   14.7579
    9.8836
   11.0628
   11.4551
   14.1968
   11.4443
   13.4031
    7.8964
   11.2923
   10.3528
    8.8459
   13.0159
   12.5640
   12.0670
    9.3326
   14.2550
   12.7004
   11.4019
   12.0458
   11.4760
    8.4996
   11.4287
   10.3373
   10.0416
    9.6872
   10.9329
    7.9947
   13.9285
   13.0401
   11.9599
   11.9305
   10.4037
   14.0374
   11.7336
   10.5709
   14.7028
   11.5505
   10.8219
   11.4125
   10.3041
    9.7597
   17.0520
   15.3110
   12.6151
    9.4858
   10.2691
   11.6469
   13.5828
    9.3360
    7.3403
    9.1018
   12.6670
   12.7827
   12.9034
   11.7394
   12.3674
   11.0477
   13.7240
    9.2766
   12.9101
   10.3026
   11.3302
   13.1056
   14.0782
    9.7647
   14.5213
   13.3203
   11.8643
   11.6096
   11.5648
   11.3938
   12.0461
   12.1026
   13.6521
   15.0540
   12.9338
   11.5806
   13.2504