    i
    100
    13
    16
     7
    14
    13
     9
    11
    13
    19
    18
     9
    18
    13
    12
    13
    12
    12
    15
    15
    15
    13
    10
    13
    15
    13
    14
    13
    11
    13
    10
    14
    10
    10
    10
     6
    15
    13
    10
    15
     9
    12
    12
    13
    13
    10
    12
    12
    13
    14
    14
    10
    12
    10
    10
    12
    15
    10
    13
    12
    14
    10
    12
    13
    14
    15
    12
     9
    11
    10
    17
    11
    13
    12
    14
    10
     9
     9
    13
    12
    12
    15
    13
    12
    15
    10
    13
    14
    12
    12
    10
    10
    12
    13
    17
    11
    12
    12
     8
    11
     8